place(12.606, 1.000, -2.457, "Electroshocker", 375)
upgrade(12.606, 2.350, -2.457, 200)
place(12.677, 1.000, 1.052, "Electroshocker", 375)
upgrade(12.677, 2.350, 1.052, 200)
place(12.766, 1.000, -5.681, "Commander", 650)
upgrade(12.766, 2.700, -5.681, 400)
upgrade(12.606, 2.350, -2.457, 700)
place(9.657, 1.000, -3.771, "Minigunner", 1850)
upgrade(9.657, 2.350, -3.771, 400)
place(12.140, 1.000, 4.718, "Tesla", 2500)
upgrade(12.140, 2.348, 4.718, 1856)
upgrade(12.677, 2.350, 1.052, 700)
upgrade(12.766, 2.700, -5.681, 2450)
place(9.693, 1.000, -0.071, "Minigunner", 1850)
upgrade(9.693, 2.350, -0.071, 400)
CommanderAbility(12.766, 2.700, -5.681, 677)
upgrade(12.606, 2.350, -2.457, 2500)
place(9.772, 1.000, -6.876, "Minigunner", 1850)
upgrade(9.772, 2.350, -6.876, 400)
place(2.668, 1.000, 0.757, "Tesla", 2500)
upgrade(2.668, 2.348, 0.757, 1856)
upgrade(12.677, 2.350, 1.052, 2500)
upgrade(12.606, 2.350, -2.457, 6350)
place(10.689, 1.000, -10.350, "Turret", 8250)
upgrade(10.689, 1.950, -10.350, 3250)
place(15.560, 1.000, -0.243, "Electroshocker", 375)
upgrade(15.560, 2.350, -0.243, 200)
upgrade(15.560, 2.350, -0.243, 700)
upgrade(15.560, 2.350, -0.243, 2500)
upgrade(15.560, 2.350, -0.243, 6350)
upgrade(10.689, 1.950, -10.350, 7500)
upgrade(12.140, 2.348, 4.718, 8400)
upgrade(12.606, 2.350, -2.457, 16935)
CommanderAbility(12.766, 2.700, -5.681, 1778)
upgrade(12.766, 2.700, -5.681, 4500)
upgrade(9.693, 2.350, -0.071, 1500)
upgrade(9.657, 2.350, -3.771, 1500)
upgrade(9.772, 2.350, -6.876, 1500)
upgrade(12.677, 2.350, 1.052, 6350)
place(14.861, 1.000, -9.846, "Turret", 8250)
upgrade(14.861, 1.950, -9.846, 3250)
CommanderAbility(12.766, 2.700, -5.681, 7566)
upgrade(14.861, 1.950, -9.846, 7500)
upgrade(12.766, 2.700, -5.681, 14000)
SupportCaravanAbility(12.766, 2.700, -5.681, 1216)
SupportCaravanAbility(12.766, 2.700, -5.681, 1216)
SupportCaravanAbility(12.766, 2.700, -5.681, 2916)
upgrade(12.140, 2.348, 4.718, 18450)
place(2.881, 1.000, -3.872, "Turret", 8250)
upgrade(2.881, 1.950, -3.872, 3250)
upgrade(2.881, 1.950, -3.872, 7500)
upgrade(12.677, 2.350, 1.052, 16935)
upgrade(14.861, 1.950, -9.846, 20000)
CommanderAbility(12.766, 2.700, -5.681, 16468)
upgrade(10.689, 1.950, -10.350, 20000)
SupportCaravanAbility(12.766, 2.700, -5.681, 13451)
upgrade(2.668, 2.348, 0.757, 8400)
upgrade(9.657, 2.350, -3.771, 7000)
upgrade(9.693, 2.350, -0.071, 7000)
upgrade(9.772, 2.350, -6.876, 7000)
upgrade(2.881, 1.950, -3.872, 20000)
upgrade(15.560, 2.350, -0.243, 16935)
upgrade(9.657, 2.350, -3.771, 15500)
CommanderAbility(12.766, 2.700, -5.681, 29500)
SupportCaravanAbility(12.766, 2.700, -5.681, 35460)
upgrade(14.861, 1.950, -9.846, 35000)
upgrade(10.689, 1.950, -10.350, 35000)
CommanderAbility(12.766, 2.700, -5.681, 25708)
upgrade(2.881, 1.950, -3.872, 35000)
upgrade(12.140, 2.348, 4.718, 50001)
SupportCaravanAbility(12.766, 2.700, -5.681, 21816)
upgrade(9.772, 2.350, -6.876, 15500)
upgrade(9.693, 2.350, -0.071, 15500)
CommanderAbility(12.766, 2.700, -5.681, 7605)
upgrade(10.689, 1.950, -10.350, 75000)
CommanderAbility(12.766, 2.700, -5.681, 15717)
SupportCaravanAbility(12.766, 2.700, -5.681, 60755)
upgrade(14.861, 1.950, -9.846, 75000)
upgrade(2.668, 2.348, 0.757, 18450)
CommanderAbility(12.766, 2.700, -5.681, 7305)
